2023 10 10 10 10 10 10 10 10 10 10 10 10 500
2024 10 10 10 10 10 10 10 10 10 10 10 10 500
2025 10 10 10 10 10 10 10 10 10 10 10 10 500
2026 10 10 10 10 10 10 10 10 10 10 10 10 500
2027 10 10 10 10 10 10 10 10 10 10 10 10 500
2028 10 10 10 10 10 10 10 10 10 10 10 10 500
2029 10 10 10 10 10 10 10 10 10 10 10 10 500
2030 10 10 10 10 10 10 10 10 10 10 10 10 500
2031 10 10 10 10 10 10 10 10 10 10 10 10 500
2032 10 10 10 10 10 10 10 10 10 10 10 10 500
2033 10 10 10 10 10 10 10 10 10 10 10 10 500
2034 10 10 10 10 10 10 10 10 10 10 10 10 500
2035 10 10 10 10 10 10 10 10 10 10 10 10 500
2036 10 10 10 10 10 10 10 10 10 10 10 10 500
2037 10 10 10 10 10 10 10 10 10 10 10 10 500
2038 10 10 10 10 10 10 10 10 10 10 10 10 500
2039 10 10 10 10 10 10 10 10 10 10 10 10 500
2040 10 10 10 10 10 10 10 10 10 10 10 10 500
2041 10 10 10 10 10 10 10 10 10 10 10 10 500
2042 10 10 10 10 10 10 10 10 10 10 10 10 500
2043 10 10 10 10 10 10 10 10 10 10 10 10 500
2044 10 10 10 10 10 10 10 10 10 10 10 10 500
2045 10 10 10 10 10 10 10 10 10 10 10 10 500
2046 10 10 10 10 10 10 10 10 10 10 10 10 500
2047 10 10 10 10 10 10 10 10 10 10 10 10 500
2048 10 10 10 10 10 10 10 10 10 10 10 10 500
2049 10 10 10 10 10 10 10 10 10 10 10 10 500
2050 10 10 10 10 10 10 10 10 10 10 10 10 500
2051 10 10 10 10 10 10 10 10 10 10 10 10 500
2052 10 10 10 10 10 10 10 10 10 10 10 10 500
2053 10 10 10 10 10 10 10 10 10 10 10 10 500
2054 10 10 10 10 10 10 10 10 10 10 10 10 500
2055 10 10 10 10 10 10 10 10 10 10 10 10 500
2056 10 10 10 10 10 10 10 10 10 10 10 10 500
2057 10 10 10 10 10 10 10 10 10 10 10 10 500
2058 10 10 10 10 10 10 10 10 10 10 10 10 500
2059 10 10 10 10 10 10 10 10 10 10 10 10 500
2060 10 10 10 10 10 10 10 10 10 10 10 10 500
2061 10 10 10 10 10 10 10 10 10 10 10 10 500
2062 10 10 10 10 10 10 10 10 10 10 10 10 500
2063 10 10 10 10 10 10 10 10 10 10 10 10 500
2064 10 10 10 10 10 10 10 10 10 10 10 10 500
2065 10 10 10 10 10 10 10 10 10 10 10 10 500
2066 10 10 10 10 10 10 10 10 10 10 10 10 500
2067 10 10 10 10 10 10 10 10 10 10 10 10 500
2068 10 10 10 10 10 10 10 10 10 10 10 10 500
2069 10 10 10 10 10 10 10 10 10 10 10 10 500
2070 10 10 10 10 10 10 10 10 10 10 10 10 500
2071 10 10 10 10 10 10 10 10 10 10 10 10 500
2072 10 10 10 10 10 10 10 10 10 10 10 10 500
2073 10 10 10 10 10 10 10 10 10 10 10 10 500
2074 10 10 10 10 10 10 10 10 10 10 10 10 500
2075 10 10 10 10 10 10 10 10 10 10 10 10 500
2076 10 10 10 10 10 10 10 10 10 10 10 10 500
2077 10 10 10 10 10 10 10 10 10 10 10 10 500
2078 10 10 10 10 10 10 10 10 10 10 10 10 500
2079 10 10 10 10 10 10 10 10 10 10 10 10 500
2080 10 10 10 10 10 10 10 10 10 10 10 10 500
2081 10 10 10 10 10 10 10 10 10 10 10 10 500
2082 10 10 10 10 10 10 10 10 10 10 10 10 500
2083 10 10 10 10 10 10 10 10 10 10 10 10 500
2084 10 10 10 10 10 10 10 10 10 10 10 10 500
2085 10 10 10 10 10 10 10 10 10 10 10 10 500
2086 10 10 10 10 10 10 10 10 10 10 10 10 500
2087 10 10 10 10 10 10 10 10 10 10 10 10 500
2088 10 10 10 10 10 10 10 10 10 10 10 10 500
2089 10 10 10 10 10 10 10 10 10 10 10 10 500
2090 10 10 10 10 10 10 10 10 10 10 10 10 500
2091 10 10 10 10 10 10 10 10 10 10 10 10 500
2092 10 10 10 10 10 10 10 10 10 10 10 10 500
2093 10 10 10 10 10 10 10 10 10 10 10 10 500
2094 10 10 10 10 10 10 10 10 10 10 10 10 500
2095 10 10 10 10 10 10 10 10 10 10 10 10 500
2096 10 10 10 10 10 10 10 10 10 10 10 10 500
2097 10 10 10 10 10 10 10 10 10 10 10 10 500
2098 10 10 10 10 10 10 10 10 10 10 10 10 500
2099 10 10 10 10 10 10 10 10 10 10 10 10 500
